722
654
271
458
41
654
106
547
278
271
958
874
876
722
165
921
385
817
969
613
581
162
749
958
271
385
162
633
499
948
765
528
165
6
513
581
975
154
242
469
201
958
968
817
385
499
817
530
859
487
722
949
876
876
481
821
283
723
154
723
650
208
929
165
772
42
335
624
565
256
929
460
123
499
254
814
123
499
859
256
817
242
394
6
333
564
564
364
240
79
219
722
219
565
333
772
219
823
565
949
300
33
300
821
165
33
565
799
929
56
123
159
565
772
817
56
92
677
565
219
33
823
123
210
722
722
123
870
507
823
240
415
249
507
41
565
845
128
674
507
667
759
56
565
907
106
1018
565
445
210
870
722
675
790
565
722
123
56
528
870
834
870
123
247
674
106
99
123
819
942
18
639
210
1023
870
691
372
870
819
565
942
194
170
230
505
819
870
315
863
870
942
154
217
82
863
870
819
639
6
790
823
310
823
938
641
842
106
550
377
752
377
99
606
543
384
496
248
255
751
82
766
870
790
842
938
751
106
892
819
870
43
790
538
154
942
635
82
71
255
805
635
892
776
892
377
443
418
891
418
418
720
307
106
790
773
183
766
940
154
1023
317
766
384
773
460
784
297
162
82
171
408
162
938
255
629
892
635
106
162
297
938
307
331
689
255
635
297
785
418
958
166
773
307
951
892
235
287
938
839
10
547
222
821
1023
744
547
67
7
61
162
157
418
297
379
326
204
798
839
166
777
618
157
255
1009
375
892
331
564
899
618
157
938
162
222
988
307
61
988
701
521
698
162
162
824
222
744
777
282
564
841
221
714
162
320
377
564
938
61
710
320
463
82
375
777
892
370
375
744
29
476
162
777
881
476
698
5
162
933
744
375
320
701
986
985
819
744
701
947
715
717
986
691
841
744
294
375
398
80
916
779
516
123
323
841
768
744
715
818
701
966
37
841
5
777
294
680
744
947
916
463
123
129
498
294
947
549
41
841
371
516
714
5
741
827
916
375
813
294
691
873
215
516
744
691
371
90
867
998
34
175
323
741
423
314
978
41
572
867
341
170
993
896
34
741
619
41
106
827
714
995
454
691
896
619
1018
55
491
567
90
451
741
451
129
470
422
525
525
41
776
656
543
231
341
451
960
752
41
170
41
458
41
766
1018
896
943
543
587
263
312
267
896
1000
470
960
656
543
256
237
188
170
397
41
237
129
896
263
896
141
184
129
963
237
237
656
148
273
170
41
222
896
386
831
385
129
896
397
237
98
543
656
222
429
856
385
68
562
237
312
429
856
963
1000
141
424
895
98
148
146
763
359
44
222
896
487
210
69
1020
963
237
66
69
288
41
656
674
41
441
414
359
808
1002
424
133
69
856
141
895
146
656
656
429
96
359
98
41
96
359
41
111
794
96
146
699
7
956
749
222
359
794
942
856
498
69
657
125
711
234
66
124
125
69
674
405
674
794
620
125
792
947
332
41
334
674
875
514
277
359
247
751
735
512
792
301
252
530
359
794
794
334
749
514
875
947
222
225
886
66
657
510
530
405
409
493
257
875
253
267
755
726
632
875
498
418
947
674
674
267
253
726
86
363
95
389
253
1002
301
359
27
750
334
962
301
664
875
1002
962
595
593
381
750
644
632
664
528
75
935
876
60
33
753
301
664
664
593
795
36
876
498
743
337
528
962
875
86
795
381
644
1002
522
359
301
875
960
1021
743
962
359
617
593
359
378
301
743
4
644
1021
178
632
946
318
359
318
743
25
359
453
26
25
381
495
85
453
115
1021
347
381
26
1021
743
617
453
617
453
300
481
26
110
652
21
359
288
645
1021
179
743
946
381
760
993
26
318
716
815
1021
132
814
1021
809
870
7
387
453
882
127
396
553
347
21
888
323
617
132
993
23
299
26
651
167
347
1021
61
199
1021
621
26
553
132
888
704
396
814
318
553
743
568
230
298
863
21
318
390
34
1014
23
34
199
395
492
230
61
30
719
550
152
34
109
1008
888
617
643
396
719
23
743
731
354
594
426
552
553
61
23
492
814
902
396
899
432
738
109
109
886
794
550
522
954
899
474
432
902
